10,210
10,70
10,134
10,86
10,123
11,20
11,27
11,21
9,6
9,4
8,10
8,11
125,5
125,4
125,3
125,2
125,1
125,0
112,4
112,3
112,2
112,1
79,4
79,3
79,2
79,1
78,4
78,3
78,1
77,4
77,1
76,4
76,3
76,1
74,3
74,2
74,1
74,0
20,3
20,2
20,1
19,3
19,2
19,1
12,3
12,2
12,1
11,25
11,23
11,18
11,17
11,13
11,11
11,9
11,7
11,6
11,4
11,3
11,2
11,1
10,314
10,313
10,289
10,286
10,284
10,275
10,255
10,245
10,226
18,1
10,201
18,3
10,193
10,133
10,79
14,1
10,72
14,3
13,1
10,31
13,3
10,7
10,3
10,2
10,1
9,7
9,5
9,3
9,2
9,1
8,18
8,17
8,15
8,14
8,13
8,12
8,9
8,8
8,6
8,5
8,4
8,3
8,2
8,1
3,3
3,2
3,1
2,2
2,3
2,1
